1,-53,44440692
1,-53,44440694
1,-62,44441132
1,-62,44441135
1,-58,44441574
1,-58,44441578
1,-66,44442428
1,-66,44442430
1,-56,44442870
1,-57,44442871
1,-56,44443734
1,-56,44443735
1,-62,44444170
1,-62,44444171
1,-55,44444601
1,-55,44444602
1,-52,44445043
1,-52,44445047
1,-56,44445479
1,-56,44445480
1,-62,44445916
1,-62,44445920
1,-55,44446357
1,-55,44446359
1,-52,44446787
1,-52,44446789
1,-62,44447217
1,-63,44447218
1,-63,44447648
1,-63,44447649
1,-64,44448513
1,-64,44448515
1,-52,44448937
1,-52,44448938
1,-57,44449374
1,-58,44449375
1,-58,44449807
1,-59,44449812
1,-58,44450241
1,-54,44450682
1,-54,44450683
1,-65,44451989
1,-65,44451990
1,-58,44452412
1,-58,44452413
1,-79,44453718
1,-79,44453719
0,-67,44454148
0,-68,44454149
0,-64,44455016
0,-63,44455019
0,-75,44455446
0,-61,44455878
0,-61,44455879
0,-64,44456310
0,-64,44456312
0,-71,44456748
0,-71,44456750
0,-69,44457183
0,-85,44458064
0,-85,44458065
0,-72,44458504
0,-72,44458505
0,-75,44458934
0,-75,44458936
0,-72,44459373
0,-72,44459374
0,-73,44459816
0,-73,44459818
0,-73,44460253
0,-60,44460679
0,-66,44461103
0,-66,44461104
0,-71,44461545
0,-71,44461546
0,-81,44461985
0,-81,44461986
0,-73,44462416
0,-74,44462417
0,-75,44462858
0,-75,44462860
0,-75,44463733
0,-75,44463734
0,-84,44464164
0,-83,44464165
0,-77,44465032
0,-78,44465033
0,-75,44465467
0,-75,44465468
0,-79,44465901
0,-79,44465902
0,-62,44466344
0,-63,44466345
0,-56,44466775
0,-55,44466776
1,-45,44467206
1,-45,44467207
1,-57,44467644
1,-57,44467645
1,-42,44468072
1,-42,44468073
1,-70,44469361
1,-70,44469363
1,-71,44469793
1,-71,44469794
1,-67,44470231
1,-61,44470658
1,-61,44470660
1,-71,44471958
1,-71,44471959
1,-66,44472393
1,-66,44472394
1,-61,44472821
1,-61,44472822
1,-75,44473261
1,-75,44473262
1,-61,44473691
1,-61,44473692
0,-81,44474118
0,-66,44474123
0,-66,44474124
0,-64,44474985
0,-64,44474986
0,-79,44475410
0,-79,44475411
0,-71,44475841
0,-72,44475842
0,-84,44476706
0,-85,44476708
0,-67,44477144
0,-67,44477146
0,-92,44477580
0,-92,44477582
0,-69,44478021
0,-69,44478022
0,-60,44478457
0,-60,44478458
0,-69,44478885
0,-69,44478886
0,-75,44479324
0,-75,44479325
0,-69,44479759
0,-69,44479760
0,-69,44480608
0,-69,44480612
0,-67,44481484
0,-67,44481485
0,-69,44481921
0,-69,44481923
0,-90,44482359
0,-90,44482360
0,-63,44482784
0,-63,44482786
1,-46,44484100
1,-46,44484101
1,-57,44484530
1,-57,44484531
1,-47,44484969
1,-48,44484971
1,-62,44485403
1,-63,44485405
1,-49,44486277
1,-49,44486280
1,-61,44486714
1,-61,44486715
1,-61,44487149
1,-61,44487151
1,-61,44487578
1,-61,44487579
1,-54,44488000
1,-54,44488002
1,-72,44488428
1,-72,44488429
1,-60,44488854
1,-60,44488859
1,-79,44489291
1,-79,44489292
1,-68,44489724
1,-68,44489726
1,-75,44490167
1,-76,44490168
1,-75,44490597
1,-75,44490598
0,-82,44491030
0,-68,44491461
0,-68,44491463
0,-71,44491894
0,-71,44491895
0,-81,44492332
0,-81,44492333
0,-74,44493208
0,-74,44493211
0,-70,44493632
0,-70,44493635
0,-70,44494066
0,-70,44494068
0,-70,44494947
0,-73,44495372
0,-73,44495374
0,-74,44495805
0,-74,44495807
0,-73,44496239
0,-73,44496240
0,-79,44496669
0,-79,44496670
0,-75,44497109
0,-76,44497110
0,-85,44498845
0,-85,44498847
0,-75,44499279
0,-75,44499280
0,-84,44499706
0,-84,44499708
0,-75,44500141
0,-75,44500142
0,-84,44500569
0,-84,44500570
0,-79,44501435
0,-79,44501436
0,-85,44502738
0,-79,44503178
0,-79,44503179
0,-87,44503620
0,-77,44504059
0,-77,44504061
0,-77,44505810
0,-78,44505811
0,-74,44506245
0,-75,44506246
0,-79,44506671
0,-78,44506672
0,-73,44507534
0,-72,44507536
0,-70,44508413
0,-70,44508415
0,-76,44508849
0,-76,44508851
0,-79,44509291
0,-78,44509292
0,-72,44509721
0,-72,44509723
0,-61,44510165
0,-61,44510166
0,-67,44510590
0,-67,44510591
0,-57,44511013
0,-57,44511014
1,-65,44511872
1,-66,44511875
1,-46,44512312
1,-45,44512314
1,-64,44512738
1,-64,44512739
1,-61,44513173
1,-61,44513174
1,-57,44513606
1,-57,44513608
1,-61,44514040
1,-61,44514041
1,-67,44514473
1,-62,44514908
1,-62,44514909
1,-79,44515348
1,-79,44515350
1,-70,44516644
1,-70,44516646
0,-77,44517081
0,-77,44517083
0,-64,44517518
0,-64,44517519
0,-73,44517956
0,-73,44517959
0,-77,44518393
0,-76,44518394
0,-73,44518819
0,-73,44518820
0,-78,44519254
0,-78,44519258
0,-69,44519681
0,-69,44519683
0,-73,44520117
0,-73,44520555
0,-73,44520557
0,-75,44520996
0,-75,44520998
0,-93,44521869
0,-67,44522311
0,-67,44522313
0,-75,44522752
0,-84,44523610
0,-84,44523612
0,-80,44524048
0,-80,44524049
0,-75,44524914
0,-75,44524916
0,-76,44525349
0,-76,44525351
0,-73,44525777
0,-73,44525779
0,-83,44526218
0,-83,44526219
0,-79,44526657
0,-79,44526658
0,-81,44527089
0,-81,44527090
0,-67,44527526
0,-67,44527527
0,-91,44527969
0,-70,44528405
0,-70,44528407
0,-70,44528833
0,-70,44528834
0,-77,44529262
0,-77,44529263
0,-67,44529688
0,-67,44529690
0,-73,44530560
0,-73,44530561
0,-68,44531426
0,-68,44531428
0,-61,44531865
0,-60,44531866
0,-61,44532306
0,-61,44532307
1,-58,44533176
1,-58,44533177
1,-46,44533608
1,-46,44533609
1,-49,44534041
1,-49,44534042
1,-56,44534485
1,-57,44534486
1,-58,44534915
1,-58,44534916
1,-61,44535348
1,-61,44535349
1,-51,44535790
1,-51,44535791
1,-55,44536219
1,-55,44536220
1,-66,44537523
1,-67,44537525
1,-55,44537949
1,-55,44537950
1,-57,44538384
1,-57,44538385
1,-67,44538824
1,-66,44538825
1,-45,44539260
1,-45,44539261
1,-61,44539703
1,-61,44539704
1,-56,44540143
1,-56,44540146
1,-55,44541005
1,-55,44541006
1,-60,44541434
1,-60,44541435
1,-60,44541865
1,-61,44541866
1,-63,44542298
1,-63,44542301
1,-56,44542724
1,-56,44542726
1,-63,44543151
1,-63,44543159
1,-56,44543592
1,-56,44543593
1,-54,44544450
1,-53,44544451
1,-62,44544880
1,-62,44544881
1,-55,44545308
1,-54,44545310
1,-53,44545751
1,-53,44545752
1,-62,44546624
1,-63,44546625
1,-53,44547494
1,-52,44547495
1,-55,44547931
1,-55,44547933
1,-53,44548810
1,-53,44548812
1,-49,44549240
1,-49,44549242
1,-60,44549683
1,-61,44549684
1,-56,44550983
1,-56,44550985
1,-57,44551424
1,-57,44551425
1,-54,44551848
1,-54,44551849
1,-50,44552282
1,-50,44552283
1,-71,44552712
1,-72,44552713
1,-57,44553150
1,-57,44553151
1,-63,44553576
1,-63,44553577
1,-75,44554001
1,-75,44554002
1,-61,44554427
1,-62,44554428
1,-52,44554852
1,-51,44554853
1,-54,44556143
1,-54,44556144
1,-56,44556575
1,-56,44556576
1,-66,44557013
1,-66,44557014
1,-64,44557447
1,-64,44557448
1,-70,44557879
1,-69,44557881
1,-68,44558312
1,-68,44558313
1,-59,44558739
1,-59,44558740
1,-58,44559179
1,-57,44559180
1,-88,44559615
1,-70,44560046
1,-70,44560047
1,-69,44560485
1,-69,44560486
1,-64,44560928
1,-64,44560929
1,-69,44561783
1,-69,44561787
1,-73,44562225
1,-72,44562226
1,-54,44562654
1,-54,44562655
1,-65,44563093
1,-65,44563095
1,-65,44563521
1,-65,44563523
1,-73,44563956
1,-73,44563957
1,-65,44564836
1,-64,44564838
1,-60,44565267
1,-60,44565268
1,-73,44565694
1,-73,44565695
1,-59,44566120
1,-59,44566122
1,-67,44566561
1,-60,44566997
1,-60,44566998
1,-61,44567438
1,-61,44567439
1,-73,44568304
1,-73,44568305
1,-62,44568738
1,-62,44568740
1,-66,44569166
1,-65,44569168
1,-64,44569601
1,-64,44569602
1,-72,44570469
1,-72,44570470
1,-73,44570899
1,-73,44570900
1,-78,44571337
1,-77,44571340
1,-80,44571771
1,-79,44571772
1,-75,44572214
1,-75,44572216
1,-75,44572638
1,-75,44572640
1,-75,44573079
1,-75,44573080
1,-92,44573933
1,-80,44574375
1,-80,44574376
1,-67,44575255
1,-67,44575256
1,-67,44575695
1,-66,44575696
1,-91,44576137
1,-91,44576138
1,-68,44576577
1,-68,44576578
1,-75,44577013
1,-75,44577014
1,-76,44577438
1,-77,44577440
1,-81,44577873
1,-81,44577875
1,-73,44578307
1,-67,44579170
1,-67,44579172
1,-67,44579604
1,-67,44579606
1,-67,44580037
1,-67,44580039
1,-68,44580914
1,-67,44580915
1,-75,44581351
1,-75,44581352
1,-76,44582642
1,-76,44582643
1,-66,44583067
1,-66,44583069
1,-61,44583498
1,-61,44583500
1,-62,44583931
1,-62,44583932
1,-66,44584360
1,-66,44584361
1,-57,44585239
1,-57,44585240
1,-55,44586106
1,-54,44586108
1,-46,44586543
1,-46,44586544
1,-46,44586976
1,-46,44586978
1,-46,44587419
1,-46,44587421
1,-49,44587845
1,-49,44587846
1,-47,44588274
1,-47,44588275
1,-55,44588702
1,-55,44588704
1,-55,44589134
1,-55,44589135
1,-49,44589575
1,-49,44589577
1,-47,44590005
1,-47,44590006
1,-55,44590449
1,-55,44590450
1,-55,44590880
1,-55,44590881
1,-56,44591313
1,-55,44591314
1,-49,44591755
1,-49,44591756
1,-47,44592184
1,-47,44592188
1,-56,44592614
1,-56,44592618
1,-47,44593482
1,-47,44593483
1,-56,44593911
1,-56,44593912
1,-55,44594790
1,-55,44594792
1,-49,44595220
1,-49,44595222
1,-55,44595659
1,-55,44595660
1,-50,44596519
1,-50,44596521
1,-47,44596960
1,-47,44596961
1,-55,44597401
1,-55,44597403
1,-50,44597831
1,-50,44597832
1,-55,44598265
1,-55,44598266
1,-47,44598691
1,-47,44598693
1,-55,44599118
1,-55,44599121
1,-47,44599553
1,-47,44599555
1,-47,44599987
1,-47,44599988
1,-55,44601307
1,-55,44601308
1,-56,44601743
1,-56,44601744
1,-59,44602174
1,-59,44602176
1,-66,44602608
1,-66,44602609
1,-54,44603050
1,-54,44603051
1,-69,44603920
1,-70,44603921
1,-71,44604353
1,-71,44604357
1,-62,44604789
1,-62,44604791
1,-76,44605230
1,-73,44605671
1,-73,44605672
1,-73,44606107
1,-85,44606538
1,-85,44606539
1,-69,44606965
1,-68,44606966
1,-64,44607392
1,-63,44607394
1,-69,44607823
1,-69,44607825
1,-61,44608259
1,-61,44608261
1,-55,44608689
1,-55,44608691
1,-49,44609119
1,-49,44609120
0,-55,44609989
0,-56,44609990
0,-59,44610423
0,-59,44610424
0,-61,44610860
0,-61,44610861
0,-79,44611290
0,-80,44611291
0,-71,44611718
0,-71,44611719
0,-72,44612594
0,-79,44613443
0,-78,44613444
0,-70,44613870
0,-71,44613871
0,-77,44614302
0,-76,44614303
0,-68,44615169
0,-68,44615170
0,-77,44616017
0,-77,44616019
0,-83,44616460
0,-83,44616461
0,-77,44617753
0,-77,44617754
0,-78,44619048
0,-78,44619049
0,-85,44619482
0,-85,44619483
0,-88,44619920
0,-85,44620364
0,-86,44620365
0,-87,44620794
0,-87,44620795
0,-88,44621233
0,-88,44621234
0,-78,44621660
0,-78,44621662
0,-72,44622095
0,-72,44622096
0,-81,44622533
0,-81,44622534
0,-84,44622961
0,-84,44622962
0,-84,44623826
0,-84,44623827
0,-75,44624673
0,-75,44624676
0,-80,44625555
0,-81,44625556
0,-68,44625984
0,-68,44625986
0,-81,44626840
0,-80,44626841
0,-81,44627276
0,-81,44627278
0,-78,44627710
0,-78,44627712
0,-67,44628138
0,-67,44628139
0,-67,44628578
0,-67,44628579
0,-73,44629009
0,-73,44629011
0,-76,44629443
0,-76,44629444
0,-75,44631179
0,-76,44631181
0,-66,44631605
0,-66,44631610
0,-63,44632036
0,-63,44632038
0,-59,44632468
0,-59,44632470
1,-50,44632910
1,-50,44632912
1,-51,44633335
1,-51,44633336
1,-55,44633769
1,-55,44633770
1,-40,44634203
1,-40,44634204
1,-50,44635085
1,-50,44635086
1,-64,44635957
1,-64,44635958
1,-69,44636384
1,-69,44636385
1,-41,44637265
1,-41,44637266
1,-43,44637695
1,-43,44637702
1,-43,44638128
1,-43,44638129
1,-49,44638572
1,-49,44638573
1,-44,44638995
1,-44,44638997
1,-45,44639430
1,-45,44639432
1,-45,44639864
1,-45,44639865
1,-45,44640291
1,-45,44640293
1,-46,44640728
1,-46,44640730
1,-46,44641156
1,-46,44641158
1,-51,44641587
1,-51,44641588
1,-45,44642029
1,-45,44642030
1,-50,44642464
1,-50,44642466
1,-45,44642906
1,-45,44642915
1,-45,44643345
1,-45,44643347
1,-51,44643778
1,-51,44643780
1,-51,44644211
1,-51,44644213
1,-46,44644648
1,-46,44644649
1,-46,44645081
1,-46,44645083
1,-46,44645514
1,-46,44645516
1,-58,44645943
1,-58,44645944
1,-52,44646378
1,-52,44646379
1,-55,44647257
1,-55,44647258
1,-75,44647685
1,-75,44647686
1,-67,44648543
1,-67,44648545
1,-71,44648987
1,-71,44648989
1,-72,44649862
1,-72,44649864
1,-79,44650297
1,-79,44650298
1,-79,44650732
1,-79,44650733
1,-65,44651160
1,-65,44651161
1,-87,44651594
1,-87,44651596
1,-76,44652032
1,-75,44652033
1,-67,44652469
1,-67,44652471
1,-68,44652901
1,-68,44652902
1,-71,44653344
1,-71,44653345
1,-72,44654643
1,-71,44654644
1,-70,44655077
1,-70,44655078
1,-69,44655519
1,-69,44655521
1,-64,44655955
1,-64,44655956
1,-74,44656383
1,-74,44656384
1,-72,44656806
1,-72,44656807
1,-77,44657233
1,-77,44657238
1,-75,44658098
1,-75,44658099
1,-68,44658527
1,-68,44658528
1,-67,44658968
1,-67,44658969
1,-77,44659409
1,-77,44659410
1,-66,44659849
1,-66,44659851
1,-67,44660290
1,-67,44660291
1,-67,44661148
1,-67,44661149
1,-79,44661586
1,-79,44661587
1,-66,44662014
1,-66,44662015
1,-57,44662873
1,-57,44662874
1,-63,44663312
1,-63,44663314
1,-74,44663754
1,-73,44663755
1,-73,44664615
1,-73,44664617
1,-69,44665040
1,-69,44665042
1,-75,44665477
1,-75,44665478
1,-69,44665914
1,-69,44665916
1,-73,44666781
1,-73,44666783
1,-78,44667217
1,-79,44667218
1,-65,44667659
1,-65,44667661
1,-87,44668097
1,-79,44668522
1,-78,44668523
1,-81,44668952
1,-81,44668957
1,-76,44669385
1,-76,44669386
1,-72,44670696
1,-72,44670697
1,-78,44671128
1,-78,44671129
1,-69,44671566
1,-69,44671569
1,-69,44672001
1,-69,44672002
1,-59,44672437
1,-59,44672438
1,-69,44672876
1,-69,44672878
1,-55,44673305
1,-75,44673744
1,-75,44673745
1,-67,44674167
1,-67,44674168
1,-62,44675029
1,-45,44675470
1,-54,44675895
1,-67,44676763
1,-67,44676765
1,-61,44677206
1,-61,44677207
1,-69,44677645
1,-68,44677646
1,-70,44678082
1,-70,44678083
0,-62,44678513
0,-62,44678514
0,-67,44678947
0,-67,44678948
0,-75,44679386
0,-76,44679387
0,-72,44679819
0,-72,44679820
0,-73,44680252
0,-73,44680254
0,-82,44680685
0,-83,44680687
0,-65,44681127
0,-72,44682417
0,-72,44682418
0,-73,44682850
0,-74,44682851
0,-75,44683279
0,-75,44683280
0,-73,44683719
0,-73,44683720
0,-70,44684149
0,-69,44684150
0,-78,44684587
0,-78,44684589
0,-76,44685016
0,-75,44685017
0,-71,44685872
0,-71,44685874
0,-81,44686309
0,-81,44686310
0,-85,44687189
0,-85,44687191
0,-75,44687624
0,-75,44687625
0,-82,44688055
0,-82,44688057
0,-91,44688485
0,-90,44688486
0,-73,44688919
0,-73,44688921
0,-71,44689359
0,-71,44689361
0,-69,44691521
0,-69,44691523
0,-79,44692377
0,-79,44692378
0,-78,44692809
0,-78,44692811
0,-70,44693246
0,-70,44693249
0,-69,44693685
0,-69,44693686
0,-81,44694122
0,-81,44694123
0,-74,44694548
0,-75,44694549
0,-78,44694974
0,-79,44694975
0,-73,44695410
0,-73,44695411
0,-78,44695847
0,-77,44695848
0,-80,44696291
0,-80,44696292
0,-78,44697158
0,-78,44697159
0,-82,44697600
0,-66,44698036
0,-65,44698037
0,-56,44698908
0,-55,44698910
0,-49,44699790
0,-49,44699791
1,-59,44700221
1,-59,44700222
1,-43,44700663
1,-43,44700664
1,-39,44701099
1,-39,44701100
1,-53,44701536
1,-54,44701537
1,-57,44701967
1,-57,44701969
1,-57,44702843
1,-57,44702845
1,-67,44703281
1,-67,44703283
1,-59,44703707
1,-59,44703708
1,-62,44704148
1,-63,44704149
1,-61,44704571
1,-61,44704572
1,-52,44704996
1,-52,44704998
1,-58,44705853
1,-58,44705859
1,-48,44706295
1,-48,44706297
1,-51,44706731
1,-51,44706732
1,-44,44707156
1,-44,44707157
1,-47,44707581
1,-47,44707582
1,-48,44708448
1,-47,44708449
1,-51,44708883
1,-51,44708885
1,-52,44709762
1,-52,44709763
1,-49,44710197
1,-50,44710198
1,-53,44710629
1,-53,44710631
1,-51,44711062
1,-52,44711063
1,-46,44711498
1,-46,44711500
1,-52,44712373
1,-52,44712374
1,-51,44712806
1,-52,44712808
1,-48,44713248
1,-48,44713249
1,-52,44713684
1,-52,44713685
1,-46,44714121
1,-52,44714564
1,-52,44714565
1,-48,44715003
1,-49,44715005
1,-54,44715431
1,-54,44715432
1,-48,44715853
1,-48,44715854
1,-49,44716284
1,-49,44716285
1,-53,44716722
1,-53,44716723
1,-51,44717580
1,-51,44717583
1,-46,44718006
1,-46,44718008
1,-52,44718434
1,-53,44718435
1,-48,44719307
1,-48,44719308
1,-45,44719738
1,-45,44719740
1,-45,44720181
1,-45,44720183
1,-49,44720607
1,-49,44720608
1,-45,44721036
1,-45,44721038
1,-49,44721918
1,-49,44721919
1,-46,44722348
1,-45,44722349
1,-53,44722787
1,-53,44722789
1,-45,44723215
1,-45,44723216
1,-52,44723656
1,-52,44723657
1,-45,44724079
1,-45,44724081
1,-52,44724510
1,-53,44724511
1,-52,44724952
1,-52,44724954
1,-45,44725822
1,-45,44725823
1,-52,44726250
1,-52,44726252
1,-46,44726688
1,-45,44726690
1,-48,44727124
1,-48,44727125
1,-45,44727565
1,-45,44727566
1,-48,44728002
1,-48,44728003
1,-53,44728439
1,-53,44728442
1,-53,44728871
1,-53,44728872
1,-53,44729304
1,-53,44729305
1,-48,44729731
1,-48,44729732
1,-48,44730167
1,-48,44730169
1,-53,44730601
1,-53,44730603
1,-47,44731044
1,-48,44731479
1,-48,44731480
1,-49,44731921
1,-49,44731922
1,-54,44732347
1,-54,44732349
1,-53,44732781
1,-53,44732783
1,-53,44733658
1,-53,44733659
1,-48,44734087
1,-48,44734088
1,-53,44734525
1,-53,44734527
1,-53,44734969
1,-53,44734970
1,-46,44735409
1,-46,44735410
1,-46,44735839
1,-46,44735840
1,-48,44736278
1,-48,44736279
1,-48,44736712
1,-48,44736713
1,-47,44737144
1,-47,44737146
1,-45,44737571
1,-45,44737573
1,-53,44737999
1,-53,44738000
1,-53,44738430
1,-53,44738431
1,-45,44738856
1,-45,44738857
1,-54,44739300
1,-54,44739301
1,-54,44739734
1,-54,44739735
1,-48,44740160
1,-48,44740161
1,-46,44741033
1,-46,44741034
1,-54,44741476
1,-54,44741477
1,-45,44741900
1,-45,44741902
1,-49,44742335
1,-49,44742337
1,-49,44742769
1,-49,44742770
1,-49,44743202
1,-49,44743203
1,-53,44743640
1,-54,44743643
1,-49,44744078
1,-49,44744079
1,-54,44744951
1,-54,44744952
1,-48,44745388
1,-48,44745389
1,-45,44746240
1,-45,44746241
1,-49,44746669
1,-46,44747106
1,-45,44747543
1,-55,44748401
1,-49,44748838
1,-49,44748853
1,-48,44749274
1,-49,44749711
1,-49,44749727
1,-43,44750148
1,-45,44751006
1,-49,44751443
1,-54,44751880
1,-69,44752738
1,-71,44753174
1,-70,44753596
1,-62,44754032
1,-61,44754890
1,-67,44755327
1,-61,44755764
1,-61,44756185
1,-69,44756622
1,-62,44757496
1,-48,44757932
1,-43,44758369
1,-54,44758806
1,-48,44759243
1,-47,44760116
1,-49,44760974
1,-55,44761411
1,-54,44761848
1,-54,44762269
1,-49,44762706
1,-49,44762722
1,-51,44763143
1,-50,44763595
1,-51,44764016
1,-54,44764438
1,-52,44765311
1,-53,44765732
1,-55,44766173
1,-55,44766174
1,-52,44766600
1,-52,44766601
1,-57,44767027
1,-57,44767029
1,-54,44767458
1,-54,44767460
1,-54,44767891
1,-54,44767897
1,-56,44768312
1,-55,44768749
1,-55,44769186
1,-67,44769622
1,-56,44770044
1,-57,44770480
1,-52,44770917
1,-56,44771354
1,-56,44771791
1,-54,44772228
1,-47,44772664
1,-53,44773101
1,-49,44773538
1,-49,44773554
1,-48,44773975
1,-50,44774412
1,-52,44774848
1,-54,44775722
1,-50,44776159
1,-54,44776611
1,-46,44777048
1,-49,44777469
1,-49,44777906
1,-54,44778327
1,-52,44778764
1,-54,44779201
1,-55,44779638
1,-53,44780074
1,-49,44780511
1,-52,44780932
1,-51,44781806
1,-45,44782243
1,-53,44782680
1,-52,44782695
1,-48,44783116
1,-53,44783538
1,-48,44783974
1,-54,44784832
1,-47,44785269
1,-48,44786143
1,-47,44786564
1,-47,44786580
1,-51,44787016
1,-45,44787453
1,-49,44787874
1,-45,44788311
1,-44,44788748
1,-44,44789185
1,-47,44789622
1,-46,44790058
1,-52,44790480
1,-52,44790495
1,-46,44790916
1,-48,44791790
1,-53,44792664
1,-46,44793085
1,-48,44793522
1,-48,44794395
1,-45,44794816
1,-51,44795269
1,-45,44796127
1,-44,44796564
1,-45,44797000
1,-51,44797437
1,-57,44797890
1,-57,44798326
1,-57,44798763
1,-61,44799184
1,-57,44799606
1,-55,44800042
1,-45,44800479
1,-54,44801368
1,-55,44801790
1,-49,44802242
1,-54,44803100
1,-55,44803537
1,-46,44803974
1,-54,44804395
1,-54,44804832
1,-54,44804847
1,-51,44805268
1,-48,44805705
1,-55,44806142
1,-55,44806579
1,-49,44807016
1,-56,44807437
1,-48,44807874
1,-54,44808310
1,-51,44808732
1,-46,44809153
1,-46,44809168
1,-47,44809590
1,-47,44809605
1,-46,44810463
1,-47,44811321
1,-46,44811742
1,-46,44811758
1,-53,44812179
1,-45,44812600
1,-45,44812616
1,-53,44813037
1,-53,44813053
1,-52,44813474
1,-45,44813911
1,-52,44814348
1,-52,44814769
1,-52,44814784
1,-55,44815221
1,-45,44815658
1,-46,44816079
1,-51,44816516
1,-51,44816953
1,-45,44817390
1,-46,44817826
1,-51,44818248
1,-45,44818684
1,-45,44819106
1,-45,44819542
1,-51,44820416
1,-51,44820853
1,-51,44821290
1,-45,44821711
1,-45,44822148
1,-51,44822584
1,-45,44823021
1,-51,44823442
1,-51,44824316
1,-46,44824753
1,-51,44825611
1,-46,44826048
1,-51,44826484
1,-51,44827358
1,-45,44827795
1,-51,44828216
1,-45,44828653
1,-45,44828668
1,-51,44829105
1,-45,44829526
1,-45,44829963
1,-46,44830400
1,-51,44830837
1,-51,44831274
1,-51,44832147
1,-50,44833005
1,-45,44833442
1,-45,44833863
1,-45,44834284
1,-45,44834721
1,-45,44834737
1,-45,44835158
1,-45,44835595
1,-45,44835610
1,-45,44836468
1,-51,44836905
1,-45,44837326
1,-45,44837342
1,-45,44837763
1,-51,44839074
1,-51,44839089
1,-45,44839526
1,-45,44839947
1,-51,44840368
1,-45,44840790
1,-44,44841242
1,-45,44841663
1,-44,44842521
1,-45,44842958
1,-50,44843395
1,-54,44843832
1,-54,44843847
1,-51,44844284
1,-44,44845126
1,-53,44845563
1,-47,44845984
1,-45,44846421
1,-45,44846842
1,-52,44847295
1,-47,44847732
1,-47,44848168
1,-52,44848605
1,-52,44849042
1,-52,44849463
1,-47,44849900
1,-45,44850321
1,-45,44850758
1,-45,44851632
1,-47,44852068
1,-52,44852926
1,-45,44853363
1,-45,44853784
1,-52,44854237
1,-45,44854674
1,-52,44855110
1,-44,44855547
1,-44,44855984
1,-46,44856421
1,-50,44857294
1,-51,44857731
1,-48,44858168
1,-48,44858184
1,-53,44858605
1,-53,44858620
1,-64,44859478
1,-67,44859915
1,-71,44860352
1,-70,44860773
1,-70,44860789
1,-66,44861210
1,-66,44861226
1,-56,44861663
1,-63,44862099
1,-65,44862536
1,-73,44862973
1,-76,44863401
0,-64,44863839
0,-74,44864275
0,-65,44865149
0,-74,44865601
0,-73,44866023
0,-63,44866459
0,-65,44866881
0,-70,44867317
0,-72,44867754
0,-74,44868191
0,-61,44868628
0,-71,44869065
0,-69,44869486
0,-74,44869923
0,-70,44870359
0,-78,44870812
0,-73,44871233
0,-70,44872512
0,-69,44872949
0,-78,44873401
0,-78,44873838
0,-73,44874275
0,-73,44874696
0,-79,44875133
0,-79,44875149
0,-79,44875585
0,-79,44876022
0,-73,44876443
0,-77,44876880
0,-74,44877317
0,-76,44877738
0,-79,44878175
0,-76,44878612
0,-73,44879049
0,-68,44879470
0,-87,44880343
0,-74,44880780
0,-69,44881638
0,-92,44882512
0,-79,44882949
0,-73,44883385
0,-73,44884275
0,-79,44884696
0,-73,44885133
0,-85,44885991
0,-74,44886443
0,-74,44886880
0,-67,44887301
0,-74,44887722
0,-87,44888159
0,-74,44888611
0,-84,44889048
0,-70,44889469
0,-70,44889485
0,-71,44889906
0,-75,44890343
0,-75,44890795
0,-72,44892090
0,-73,44892527
0,-75,44892948
0,-75,44893837
0,-73,44894274
0,-74,44894695
0,-75,44895148
0,-81,44895569
0,-75,44896021
0,-67,44896458
0,-67,44896895
0,-85,44897332
0,-67,44897753
0,-67,44898190
0,-67,44898627
0,-85,44899063
0,-67,44899485
0,-67,44899921
0,-67,44900358
0,-67,44900374
0,-74,44900795
0,-75,44901669
0,-67,44902105
0,-83,44902558
0,-75,44902979
0,-75,44903853
0,-85,44904289
0,-67,44904711
0,-75,44905132
0,-84,44905569
0,-85,44906005
0,-75,44906427
0,-75,44906442
0,-75,44907300
0,-84,44907737
0,-84,44908174
0,-84,44908611
0,-67,44909047
0,-67,44909469
0,-67,44909905
0,-83,44910342
0,-84,44910779
0,-67,44911216
0,-67,44912089
0,-67,44912105
0,-84,44912979
0,-67,44913400
0,-75,44913837
0,-74,44914679
0,-67,44915116
0,-83,44915537
0,-74,44915989
0,-75,44916426
0,-74,44916847
0,-74,44917284
0,-74,44917721
0,-83,44919016
0,-74,44919889
0,-75,44920326
0,-75,44920763
0,-84,44921200
0,-67,44921637
0,-67,44922073
0,-84,44922495
0,-68,44922916
0,-75,44923789
0,-75,44924226
0,-75,44924242
0,-75,44924663
0,-68,44925100
0,-75,44925521
0,-67,44925958
0,-82,44926395
0,-84,44927253
0,-74,44927689
0,-74,44928111
0,-67,44928563
0,-67,44928984
0,-67,44929000
0,-73,44929421
0,-73,44929437
0,-75,44930295
0,-73,44931153
0,-74,44931168
0,-75,44931589
0,-77,44933321
0,-67,44933758
0,-91,44934179
0,-77,44934616
0,-77,44935037
0,-77,44935053
0,-66,44935489
0,-91,44936347
0,-91,44936784
0,-66,44937221
0,-78,44938079
0,-67,44938516
0,-66,44938953
0,-90,44939374
0,-90,44940247
0,-91,44940263
0,-66,44940684
0,-87,44941105
0,-76,44941558
0,-76,44941979
0,-76,44941995
0,-76,44942416
0,-67,44942853
0,-76,44943289
0,-76,44943711
0,-67,44944147
0,-76,44944584
0,-67,44945005
0,-85,44945442
0,-67,44945879
0,-67,44946316
0,-75,44947189
0,-85,44947626
0,-85,44948047
0,-85,44948500
0,-67,44948937
0,-75,44949358
0,-85,44949795
0,-84,44950231
0,-75,44950668
0,-77,44951105
0,-66,44951963
0,-83,44952400
0,-77,44953258
0,-67,44953695
0,-84,44954116
0,-77,44954553
0,-77,44954568
0,-85,44954989
0,-67,44955411
0,-85,44955847
0,-67,44956284
0,-77,44956721
0,-67,44957158
0,-75,44957579
0,-75,44958016
0,-75,44958874
0,-66,44959732
0,-83,44960184
0,-81,44960605
0,-81,44960621
0,-72,44961042
0,-73,44961479
0,-73,44962337
0,-72,44962774
0,-73,44963211
0,-74,44963647
0,-82,44964084
0,-70,44964958
0,-70,44965379
0,-82,44965831
0,-88,44966253
0,-72,44966705
0,-72,44967142
0,-69,44967579
0,-72,44968015
0,-87,44968452
0,-72,44969326
0,-71,44970200
0,-71,44970621
0,-71,44970636
0,-91,44972352
0,-73,44973210
0,-72,44973226
0,-86,44974068
0,-71,44974505
0,-85,44974958
0,-72,44975394
0,-71,44975831
0,-71,44976705
0,-72,44977563
0,-71,44978000
0,-85,44978436
0,-70,44978858
0,-74,44979279
0,-74,44979716
0,-70,44980152
0,-73,44981010
0,-77,44981868
0,-79,44982290
0,-71,44983163
0,-79,44983584
0,-72,44984006
0,-72,44984021
0,-72,44984442
0,-72,44984879
0,-73,44986190
0,-72,44986626
0,-72,44987484
0,-73,44988327
0,-69,44989200
0,-69,44990495
0,-73,44991369
0,-73,44991790
0,-68,44992242
0,-68,44992679
0,-73,44993116
0,-90,44993553
0,-69,44993990
0,-90,44994411
0,-69,44994832
0,-72,44995269
0,-79,44996127
0,-72,44996564
0,-82,44997000
0,-75,44997422
0,-73,44997858
0,-73,44998295
0,-70,44998732
0,-85,44999169
0,-79,44999606
0,-58,45000027
0,-66,45000885
0,-84,45001306
0,-90,45001758
0,-74,45002195
0,-69,45002616
0,-69,45003069
0,-63,45003506
0,-69,45003927
0,-67,45004364
0,-50,45004791
1,-55,45005222
1,-49,45005659
1,-49,45005675
1,-50,45006096
1,-45,45006533
1,-43,45006969
1,-51,45007406
1,-63,45007843
1,-61,45008280
1,-61,45008717
1,-57,45009606
1,-44,45010464
1,-43,45010901
1,-44,45011743
1,-57,45012199
1,-57,45012200
1,-51,45012622
1,-51,45012623
1,-49,45013047
1,-49,45013055
1,-52,45013473
1,-52,45013474
1,-57,45013900
1,-57,45013902
1,-55,45014325
1,-55,45014326
1,-60,45014768
1,-57,45015207
1,-57,45015209
1,-53,45015637
1,-52,45015639
1,-57,45016520
1,-57,45016521
1,-53,45016960
1,-52,45016961
1,-57,45017397
1,-57,45017399
1,-52,45017838
1,-52,45017840
1,-57,45018265
1,-57,45018266
1,-52,45019137
1,-52,45019139
1,-53,45019575
1,-52,45019576
1,-56,45020442
1,-56,45020443
1,-58,45020867
1,-59,45020869
1,-52,45021307
1,-52,45021311
1,-52,45021737
1,-52,45021738
1,-52,45022170
1,-52,45022171
1,-59,45022599
1,-59,45022600
1,-55,45023029
1,-55,45023030
1,-51,45023471
1,-50,45023472
1,-49,45024339
1,-57,45024768
1,-57,45024770
1,-57,45025646
1,-58,45025648
1,-51,45026070
1,-51,45026072
1,-54,45026927
1,-54,45026929
1,-52,45027358
1,-52,45027359
1,-49,45027785
1,-49,45027786
1,-57,45028227
1,-57,45028229
1,-58,45028657
1,-59,45028659
1,-52,45029094
1,-51,45029096
1,-55,45029534
1,-55,45029537
1,-55,45029966
1,-55,45029967
1,-51,45030393
1,-51,45030394
1,-55,45030830
1,-55,45030831
1,-52,45031258
1,-51,45031259
1,-55,45031698
1,-55,45031699
1,-55,45032561
1,-55,45032562
1,-58,45032987
1,-58,45032988
1,-55,45033416
1,-55,45033417
1,-55,45034291
1,-55,45034292
1,-57,45034719
1,-58,45034723
1,-55,45035158
1,-55,45035160
1,-55,45035593
1,-55,45035595
1,-57,45036031
1,-58,45036032
1,-51,45036457
1,-51,45036458
1,-57,45036882
1,-57,45036883
1,-57,45037318
1,-57,45037319
1,-54,45037746
1,-54,45037747
1,-57,45038181
1,-57,45038183
1,-57,45038615
1,-57,45038616
1,-57,45039048
1,-57,45039049
1,-57,45039480
1,-57,45039482
1,-53,45039923
1,-53,45039926
1,-57,45040793
1,-57,45040794
1,-56,45041226
1,-57,45041230
1,-57,45041658
1,-57,45041660
1,-54,45042100
1,-54,45042101
1,-53,45043397
1,-53,45043398
1,-50,45043828
1,-50,45043829
1,-54,45044697
1,-54,45044699
1,-54,45045133
1,-54,45045134
1,-56,45045570
1,-56,45045571
1,-53,45046011
1,-54,45046017
1,-56,45046448
1,-50,45046883
1,-50,45046884
1,-50,45047315
1,-50,45047316
1,-55,45047753
1,-55,45047756
1,-50,45048196
1,-50,45048198
1,-54,45048633
1,-54,45048634
1,-54,45049064
1,-54,45049066
1,-57,45049924
1,-57,45049925
1,-54,45050350
1,-54,45050353
1,-56,45050777
1,-57,45050779
1,-53,45051218
1,-53,45051220
1,-55,45051643
1,-55,45051645
1,-49,45052067
1,-49,45052068
1,-49,45052499
1,-49,45052500
1,-53,45052937
1,-53,45052938
1,-49,45053380
1,-49,45053384
1,-55,45053822
1,-55,45053823
1,-55,45054699
1,-55,45054700
1,-53,45055129
1,-53,45055130
1,-49,45055556
1,-49,45055557
1,-53,45055983
1,-53,45055984
1,-52,45056414
1,-52,45056415
1,-55,45056852
1,-56,45056855
1,-56,45057296
1,-56,45057298
1,-49,45057735
1,-49,45057738
1,-52,45058171
1,-52,45058173
1,-55,45058609
1,-55,45058610
1,-52,45059471
1,-53,45059473
1,-56,45059896
1,-57,45059898
1,-50,45060321
1,-49,45060322
1,-50,45060752
1,-50,45060754
1,-53,45061190
1,-53,45061192
1,-53,45061624
1,-53,45061625
1,-49,45062067
1,-49,45062068
1,-52,45062492
1,-52,45062493
1,-51,45062921
1,-51,45062922
1,-54,45063774
1,-54,45063776
1,-57,45064201
1,-57,45064203
1,-57,45064633
1,-57,45064635
1,-53,45065074
1,-53,45065076
1,-54,45066371
1,-54,45066372
1,-51,45066813
1,-51,45066817
1,-57,45067244
1,-58,45067246
1,-54,45067672
1,-54,45067673
1,-58,45068108
1,-58,45068110
1,-55,45068970
1,-54,45068972
1,-51,45069414
1,-51,45069415
1,-51,45069845
1,-51,45069847
1,-51,45070712
1,-51,45070714
1,-59,45071575
1,-59,45071576
1,-59,45072007
1,-59,45072008
1,-55,45072434
1,-55,45072436
1,-54,45072866
1,-59,45073307
1,-59,45073308
1,-58,45073737
1,-59,45073738
1,-55,45074179
1,-55,45074180
1,-58,45074614
1,-59,45074617
1,-52,45075040
1,-52,45075042
1,-59,45075481
1,-59,45075482
1,-52,45075904
1,-51,45075906
1,-55,45076339
1,-55,45076341
1,-52,45077201
1,-52,45077202
1,-55,45078494
1,-55,45078495
1,-55,45078925
1,-55,45078927
1,-59,45079363
1,-59,45079365
1,-55,45079792
1,-55,45079793
1,-55,45080226
1,-55,45080228
1,-52,45080654
1,-52,45080655
1,-55,45081079
1,-55,45081081
1,-59,45081516
1,-59,45081517
1,-58,45082382
1,-58,45082383
1,-54,45082809
1,-54,45082810
1,-54,45083690
1,-54,45083691
1,-51,45084982
1,-51,45084983
1,-54,45085421
1,-54,45085422
1,-51,45085849
1,-51,45085850
1,-54,45086289
1,-54,45086290
1,-51,45086728
1,-51,45086729
1,-58,45087170
1,-58,45087171
1,-53,45087602
1,-53,45088034
1,-53,45088036
1,-50,45088466
1,-50,45088467
1,-52,45088904
1,-52,45088905
1,-52,45089769
1,-52,45089770
1,-49,45090198
1,-49,45090199
1,-57,45090626
1,-57,45090628
1,-50,45091062
1,-49,45091063
1,-57,45091491
1,-57,45091493
1,-52,45092353
1,-52,45092354
1,-52,45092787
1,-52,45092789
1,-57,45093668
1,-57,45093669
1,-56,45094103
1,-57,45094105
1,-49,45094539
1,-49,45094540
1,-57,45094982
1,-57,45094984
1,-52,45095422
1,-52,45095424
1,-50,45095852
1,-49,45095853
1,-49,45096285
1,-49,45096286
1,-56,45097158
1,-56,45097160
1,-56,45097592
1,-56,45097593
1,-49,45098017
1,-49,45098019
1,-51,45098899
1,-51,45098904
1,-56,45099770
1,-57,45099771
1,-50,45100207
1,-50,45100208
1,-51,45100646
1,-51,45100647
1,-50,45101087
1,-50,45101089
1,-49,45101518
1,-49,45101524
1,-58,45101962
1,-58,45101964
1,-50,45102832
1,-49,45102834
1,-49,45103264
1,-49,45103265
1,-56,45103693
1,-56,45103694
1,-57,45104125
1,-57,45104126
1,-54,45104990
1,-54,45104992
1,-49,45105419
1,-49,45105420
1,-57,45106728
1,-57,45106730
1,-48,45107165
1,-47,45107166
1,-58,45107605
1,-59,45107606
1,-62,45108036
1,-62,45108039
1,-72,45108464
1,-72,45108465
1,-62,45108892
1,-47,45109316
1,-47,45109327
1,-55,45109759
1,-55,45109760
1,-53,45110182
1,-53,45110183
1,-57,45110613
1,-57,45110614
1,-54,45111040
1,-54,45111041
1,-53,45111905
1,-53,45111906
1,-54,45112340
1,-54,45112341
1,-48,45112783
1,-48,45112784
1,-56,45113225
1,-56,45113226
1,-49,45113659
1,-49,45113660
1,-53,45114096
1,-53,45114098
1,-49,45114523
1,-49,45114524
1,-54,45114947
1,-54,45114949
1,-57,45115375
1,-57,45115376
1,-54,45115800
1,-54,45115801
1,-49,45116240
1,-49,45116242
1,-49,45116675
1,-49,45116677
1,-57,45117548
1,-57,45117552
1,-49,45117975
1,-49,45117977
1,-54,45118412
1,-54,45118413
1,-49,45118840
1,-49,45118841
1,-52,45119265
1,-53,45119266
1,-57,45120123
1,-57,45120124
1,-53,45120564
1,-53,45120566
1,-57,45121000
1,-57,45121001
1,-53,45121877
1,-53,45121879
1,-53,45122743
1,-53,45122744
1,-52,45124028
1,-49,45124469
1,-49,45124472
1,-49,45124904
1,-49,45124906
1,-57,45125332
1,-57,45125334
1,-57,45125762
1,-57,45125763
1,-49,45126632
1,-49,45126634
1,-49,45127065
1,-49,45127066
1,-56,45127509
1,-56,45127510
1,-49,45127933
1,-49,45127937
1,-57,45128363
1,-57,45128365
1,-51,45128790
1,-51,45128791
1,-57,45129227
1,-57,45129230
1,-57,45129661
1,-57,45129662
1,-51,45130103
1,-51,45130105
1,-57,45131405
1,-57,45131407
1,-57,45132717
1,-57,45132719
1,-49,45133143
1,-49,45133144
1,-57,45133573
1,-57,45133575
1,-57,45134008
1,-57,45134009
1,-57,45134438
1,-57,45134441
1,-51,45134880
1,-51,45134882
1,-49,45135310
1,-49,45135311
1,-49,45135742
1,-49,45135744
1,-49,45136175
1,-49,45136176
1,-57,45136604
1,-57,45136605
1,-49,45137039
1,-49,45137040
1,-57,45137469
1,-57,45137470
1,-49,45137892
1,-49,45137895
1,-49,45138323
1,-49,45138325
1,-51,45138761
1,-51,45138762
1,-49,45139199
1,-49,45139200
1,-57,45140076
1,-57,45140077
1,-49,45140500
1,-49,45140501
1,-52,45140924
1,-52,45140926
1,-57,45141361
1,-57,45141363
1,-49,45142217
1,-48,45142218
1,-57,45142661
1,-57,45142662
1,-57,45143091
1,-57,45143092
1,-57,45143524
1,-57,45143525
1,-49,45143951
1,-49,45143952
1,-49,45144818
1,-49,45144820
1,-57,45145677
1,-57,45145678
1,-49,45146103
1,-49,45146105
1,-57,45146546
1,-57,45146547
1,-49,45147415
1,-48,45147417
1,-49,45147847
1,-49,45147849
1,-57,45148277
1,-57,45148278
1,-49,45148702
1,-49,45148703
1,-52,45149138
1,-52,45149140
1,-49,45149566
1,-48,45149568
1,-57,45149997
1,-57,45149998
1,-49,45150433
1,-48,45150435
1,-57,45150873
1,-57,45150875
1,-49,45151299
1,-49,45151300
1,-57,45151739
1,-57,45151741
1,-49,45152163
1,-49,45152165
1,-52,45153020
1,-52,45153022
1,-49,45153446
1,-48,45153447
1,-53,45153873
1,-53,45153874
1,-48,45154738
1,-48,45154739
1,-56,45155163
1,-57,45155164
1,-53,45156027
1,-53,45156028
1,-57,45156452
1,-57,45156453
1,-53,45156892
1,-53,45156893
1,-49,45157322
1,-49,45157324
1,-49,45157756
1,-49,45158188
1,-49,45158189
1,-49,45158620
1,-49,45158621
1,-57,45159063
1,-57,45159065
1,-57,45159494
1,-57,45159495
1,-53,45159936
1,-53,45159937
1,-57,45160362
1,-57,45160363
1,-49,45160800
1,-49,45160801
1,-53,45161235
1,-53,45161237
1,-57,45161673
1,-57,45161674
1,-57,45162104
1,-57,45162106
1,-49,45162531
1,-49,45162532
1,-49,45162963
1,-49,45162964
1,-57,45163392
1,-57,45163393
1,-54,45163832
1,-54,45163833
1,-49,45164261
1,-49,45164262
1,-49,45165128
1,-49,45165131
1,-53,45165563
1,-53,45165565
1,-49,45165991
1,-49,45165993
1,-53,45166432
1,-52,45166433
1,-57,45166867
1,-57,45166869
1,-56,45167299
1,-56,45167300
1,-53,45167741
1,-53,45167743
1,-49,45168604
1,-49,45168607
1,-57,45169031
1,-57,45169032
1,-53,45169459
1,-53,45169461
1,-57,45169898
1,-57,45169899
1,-53,45170326
1,-53,45170327
1,-49,45170764
1,-49,45170769
1,-57,45171205
1,-57,45171207
1,-56,45171641
1,-57,45171642
1,-49,45172066
1,-49,45172068
1,-57,45172507
1,-57,45172508
1,-54,45173383
1,-54,45173384
1,-49,45173823
1,-49,45173824
1,-57,45174265
1,-57,45174266
1,-57,45174701
1,-57,45174702
1,-57,45175133
1,-57,45175135
1,-57,45175566
1,-57,45175568
1,-54,45176008
1,-54,45176009
1,-49,45176447
1,-49,45176448
1,-56,45176889
1,-57,45176890
1,-57,45177325
1,-57,45177326
1,-49,45177761
1,-55,45178198
1,-55,45178199
1,-54,45178629
1,-54,45178631
1,-54,45179063
1,-54,45179066
1,-50,45179504
1,-50,45179506
1,-57,45180378
1,-58,45180379
1,-49,45180802
1,-49,45180803
1,-54,45181658
1,-54,45181660
1,-54,45182090
1,-54,45182091
1,-54,45182522
1,-54,45182524
1,-57,45182960
1,-58,45182962
1,-53,45183404
1,-53,45183405
1,-53,45183834
1,-53,45183835
1,-49,45184277
1,-49,45184278
1,-53,45184702
1,-54,45184703
1,-57,45185571
1,-57,45185573
1,-57,45186004
1,-57,45186006
1,-52,45186431
1,-52,45186432
1,-49,45186872
1,-49,45186873
1,-52,45187307
1,-52,45187309
1,-49,45187748
1,-49,45187750
1,-57,45188181
1,-57,45188182
1,-49,45188617
1,-49,45188618
1,-49,45189061
1,-49,45189062
1,-57,45189504
1,-57,45189505
1,-49,45189927
1,-49,45189930
1,-49,45190361
1,-49,45190363
1,-50,45191224
1,-49,45191225
1,-50,45191657
1,-50,45191659
1,-57,45192087
1,-57,45192088
1,-57,45192519
1,-58,45192520
1,-57,45193385
1,-57,45193386
1,-57,45194240
1,-57,45194241
1,-57,45194672
1,-57,45194673
1,-57,45195105
1,-57,45195109
1,-51,45195546
1,-52,45195548
1,-49,45196409
1,-49,45196410
1,-57,45196850
1,-57,45196852
1,-49,45197290
1,-49,45197291
1,-49,45198165
1,-49,45198166
1,-57,45198608
1,-57,45198610
1,-51,45199038
1,-51,45199040
1,-49,45199466
1,-49,45199467
1,-57,45199908
1,-57,45199910
1,-57,45200339
1,-57,45200340
1,-57,45201220
1,-57,45201221
1,-49,45201644
1,-49,45201645
1,-53,45202079
1,-53,45202080
1,-53,45202512
1,-53,45202514
1,-53,45202946
1,-53,45202947
1,-57,45203384
1,-57,45203385
1,-57,45203828
1,-57,45203829
1,-49,45204251
1,-49,45204253
1,-57,45204682
1,-57,45204684
1,-49,45205118
1,-49,45205120
1,-49,45205552
1,-49,45205553
1,-57,45205996
1,-57,45205998
1,-49,45206435
1,-49,45206439
1,-57,45207753
1,-57,45207754
1,-49,45208192
1,-49,45208194
1,-57,45208635
1,-57,45208638
1,-49,45209069
1,-49,45209070
1,-54,45209506
1,-54,45209507
1,-60,45209935
1,-60,45209936
1,-48,45210366
1,-48,45210367
1,-78,45210800
1,-78,45210801
1,-49,45211224
1,-49,45211225
1,-67,45211665
1,-67,45211668
1,-49,45212525
1,-49,45212526
1,-54,45212954
1,-54,45212956
1,-49,45213396
1,-49,45213397
1,-58,45213827
1,-58,45213829
1,-47,45214264
1,-47,45214265
1,-51,45214708
1,-51,45214709
1,-57,45215135
1,-52,45215563
1,-52,45215564
1,-55,45216005
1,-55,45216006
1,-54,45216440
1,-54,45216441
1,-66,45216878
1,-66,45216879
1,-57,45217304
1,-57,45217305
1,-57,45217738
1,-57,45217739
1,-45,45218172
1,-45,45218173
1,-50,45219050
1,-71,45219492
1,-71,45219494
1,-55,45220353
1,-55,45220355
1,-53,45220788
1,-53,45220789
1,-49,45221231
1,-49,45221233
1,-48,45222097
1,-48,45222098
1,-49,45222531
1,-49,45222533
1,-44,45222975
1,-44,45222976
1,-54,45223401
1,-54,45223406
1,-52,45224263
1,-52,45224264
1,-47,45225125
1,-47,45225126
1,-52,45225550
1,-52,45225551
1,-52,45225981
1,-52,45225982
1,-54,45226419
1,-54,45226420
1,-54,45226853
1,-54,45226855
1,-52,45227281
1,-52,45227283
1,-54,45227709
1,-46,45228133
1,-46,45228134
1,-52,45228576
1,-52,45228577
1,-49,45229015
1,-49,45229016
1,-54,45229441
1,-55,45229442
1,-46,45229879
1,-46,45229880
1,-65,45230320
1,-65,45230323
1,-55,45230760
1,-60,45231201
1,-61,45231202
1,-60,45231641
1,-60,45231642
1,-57,45232071
1,-57,45232072
1,-67,45232510
1,-67,45232513
1,-62,45232938
1,-63,45232940
1,-53,45233373
1,-53,45233374
1,-58,45233816
1,-58,45233818
1,-67,45234242
1,-67,45234244
1,-60,45234665
1,-60,45234667
1,-65,45235108
1,-65,45235109
1,-60,45235537
1,-60,45235539
1,-60,45235965
1,-60,45235966
1,-60,45236402
1,-59,45236404
1,-62,45236841
1,-62,45236842
1,-62,45237282
1,-62,45237283
1,-65,45238131
1,-65,45238132
1,-60,45238568
1,-60,45238569
1,-59,45239001
1,-59,45239003
1,-65,45239429
1,-65,45239430
1,-63,45240295
1,-63,45240296
1,-62,45240735
1,-61,45240736
1,-58,45241164
1,-58,45241166
1,-63,45241592
1,-63,45241593
1,-58,45242034
1,-59,45242035
1,-58,45243330
1,-58,45243332
1,-61,45243768
1,-61,45243769
1,-58,45244194
1,-58,45244195
1,-62,45244624
1,-62,45244625
1,-63,45245058
1,-62,45245064
1,-61,45245932
1,-61,45245934
1,-61,45246371
1,-61,45246372
1,-61,45246806
1,-61,45246807
1,-61,45247238
1,-61,45247239
1,-57,45248092
1,-57,45248093
1,-60,45248533
1,-60,45248534
1,-60,45248968
1,-60,45248970
1,-62,45249396
1,-62,45249397
1,-57,45249824
1,-57,45249826
1,-59,45250267
1,-59,45250268
1,-59,45250701
1,-59,45250705
1,-63,45251144
1,-63,45251146
1,-57,45251569
1,-58,45251571
1,-57,45251994
1,-57,45251995
1,-61,45252868
1,-61,45252869
1,-59,45253305
1,-58,45253307
1,-61,45253732
1,-61,45253734
1,-59,45254156
1,-59,45254157
1,-59,45255023
1,-59,45255025
1,-62,45255448
1,-62,45255449
1,-62,45256326
1,-62,45256327
1,-62,45257203
1,-63,45257204
1,-63,45257633
1,-63,45257634
1,-61,45258060
1,-61,45258061
1,-61,45258491
1,-61,45258493
1,-61,45258923
1,-61,45258926
1,-58,45259361
1,-58,45259363
1,-59,45259805
1,-59,45259807
1,-63,45260241
1,-63,45260242
1,-63,45260679
1,-64,45260680
1,-51,45261119
1,-51,45261121
1,-50,45261559
1,-50,45261561
1,-65,45262424
1,-65,45262425
1,-79,45263278
1,-78,45263280
1,-72,45263715
1,-72,45263716
1,-64,45264149
1,-64,45264150
1,-74,45265022
1,-74,45265023
1,-67,45265464
1,-67,45265465
1,-83,45265905
1,-84,45265907
1,-71,45266329
1,-71,45266331
1,-73,45266760
1,-73,45266762
1,-63,45267202
1,-63,45267203
1,-65,45267634
1,-65,45267637
1,-81,45268505
1,-79,45268937
1,-79,45268938
1,-61,45269373
1,-61,45269376
1,-71,45269813
1,-72,45269814
1,-63,45270239
1,-63,45270240
1,-64,45270674
1,-64,45270677
1,-66,45271541
1,-66,45271542
1,-79,45271982
1,-80,45271983
1,-90,45272413
1,-90,45272414
1,-61,45272839
1,-61,45272841
1,-70,45273267
1,-71,45273268
1,-58,45273702
1,-58,45273707
1,-65,45274569
1,-65,45274571
1,-90,45275010
1,-91,45275012
1,-76,45275440
1,-76,45275442
1,-72,45275868
1,-72,45275869
1,-73,45276299
1,-73,45276300
1,-57,45276731
1,-57,45276733
1,-57,45277160
1,-57,45277162
1,-49,45278472
1,-49,45278474
1,-45,45278904
1,-45,45278905
1,-49,45279346
1,-49,45279348
1,-61,45279773
1,-61,45279774
1,-69,45280207
1,-69,45280209
1,-60,45280636
1,-60,45280639
1,-74,45281069
1,-74,45281071
1,-57,45281940
1,-57,45281942
1,-63,45282383
1,-63,45282384
1,-55,45282813
1,-55,45282814
1,-58,45283255
1,-57,45283256
1,-59,45283685
1,-58,45283686
1,-61,45284115
1,-61,45284120
1,-50,45284540
1,-50,45284541
1,-57,45285407
1,-57,45285408
1,-54,45285846
1,-54,45285847
1,-56,45286281
1,-56,45286283
1,-63,45287148
1,-62,45287149
1,-72,45288018
1,-72,45288019
1,-56,45288886
1,-56,45288887
1,-71,45289327
1,-72,45289328
1,-56,45289766
1,-56,45289767
1,-61,45290632
1,-61,45290633
1,-57,45291057
1,-57,45291058
1,-61,45291482
1,-61,45291483
1,-79,45291925
1,-78,45291926
1,-66,45292354
1,-66,45292356
1,-75,45292793
1,-75,45292795
0,-75,45293227
0,-75,45293228
0,-85,45293660
0,-84,45293662
0,-77,45294097
0,-76,45294098
0,-72,45294529
0,-72,45294531
0,-79,45295413
0,-72,45295843
0,-70,45296709
0,-70,45296711
0,-78,45297150
0,-78,45297151
0,-73,45298023
0,-73,45298024
0,-74,45298463
0,-74,45298464
0,-77,45299338
0,-78,45299339
0,-72,45299769
0,-72,45299771
0,-84,45300636
0,-84,45300637
0,-89,45301070
0,-89,45301072
0,-85,45301926
0,-85,45301928
0,-83,45302359
0,-83,45302360
0,-84,45303223
0,-84,45303225
0,-80,45304084
0,-80,45304085
0,-75,45304524
0,-75,45304526
0,-87,45304956
0,-81,45305398
0,-69,45305827
0,-69,45305829
0,-79,45306256
0,-79,45306257
0,-87,45307120
0,-87,45307122
0,-78,45307559
0,-78,45307560
0,-85,45308000
0,-85,45308001
0,-85,45308849
0,-81,45309711
0,-81,45309712
0,-87,45310143
0,-87,45310145
0,-85,45311906
0,-84,45312346
0,-84,45312347
0,-79,45312772
0,-79,45312773
0,-87,45313207
0,-74,45313634
0,-74,45313635
0,-69,45314069
0,-69,45314070
0,-81,45314508
0,-81,45314510
0,-73,45314935
0,-72,45314936
0,-77,45315801
0,-76,45315802
0,-78,45316245
0,-77,45316246
0,-71,45316672
0,-71,45316673
0,-71,45317543
0,-71,45317544
0,-70,45318409
0,-70,45318411
0,-73,45318835
0,-73,45318836
0,-66,45319275
0,-66,45319276
0,-80,45320155
0,-85,45321027
0,-85,45321028
0,-87,45321460
0,-87,45321461
0,-82,45321902
0,-81,45322767
0,-81,45322768
0,-77,45323207
0,-78,45323208
0,-70,45324075
0,-70,45324077
0,-77,45324515
0,-78,45324516
0,-73,45324943
0,-73,45324944
0,-81,45325372
0,-80,45325373
0,-82,45325801
0,-80,45326231
0,-87,45326672
0,-87,45326673
0,-85,45327099
0,-84,45327533
0,-84,45327534
0,-76,45327971
0,-75,45327972
0,-75,45328403
0,-76,45328404
0,-90,45328841
0,-91,45328842
0,-73,45329703
0,-74,45329704
0,-78,45330141
0,-78,45330142
0,-75,45331433
0,-80,45332290
0,-81,45332292
0,-78,45332727
0,-78,45332728
0,-81,45333160
0,-81,45333162
0,-72,45333593
0,-72,45333597
0,-74,45334022
0,-74,45334024
0,-72,45334453
0,-72,45334454
0,-75,45334879
0,-74,45334881
0,-83,45335316
0,-83,45335318
0,-83,45336184
0,-85,45336613
0,-87,45337473
0,-87,45337475
0,-80,45337909
0,-80,45337911
0,-82,45338785
0,-83,45338786
0,-87,45339212
0,-87,45339213
0,-81,45339649
0,-81,45339650
0,-82,45340086
0,-83,45340087
0,-84,45340523
0,-84,45340524
0,-81,45340960
0,-81,45340962
0,-79,45341403
0,-82,45341830
0,-83,45341831
0,-75,45342257
0,-76,45342258
0,-85,45342694
0,-85,45342696
0,-73,45343122
0,-74,45343125
0,-91,45343547
0,-91,45343548
0,-83,45344404
0,-83,45344405
0,-79,45345709
0,-93,45346145
0,-79,45346580
0,-86,45347023
0,-86,45347025
0,-80,45347447
0,-80,45347449
0,-85,45348313
0,-85,45348315
0,-85,45348737
0,-85,45348738
0,-80,45349172
0,-81,45349173
0,-85,45349601
0,-85,45349602
0,-87,45350032
0,-87,45350035
0,-80,45351348
0,-92,45352655
0,-91,45354386
0,-85,45354812
0,-85,45354813
0,-77,45355248
0,-77,45355250
0,-89,45356116
0,-89,45356118
0,-86,45357408
0,-86,45357409
0,-76,45358284
0,-76,45358285
0,-72,45358721
0,-72,45358723
0,-81,45359152
0,-81,45359154
0,-67,45360022
0,-66,45360024
0,-74,45360866
0,-75,45362161
0,-85,45362598
0,-79,45363035
0,-75,45363471
0,-65,45363893
0,-61,45364329
0,-61,45364766
0,-53,45365203
0,-53,45365219
1,-52,45365657
1,-52,45365658
1,-63,45366079
1,-49,45366953
1,-46,45367390
1,-50,45367826
1,-57,45368263
1,-62,45368716
1,-54,45369152
1,-52,45369574
1,-52,45370447
1,-52,45370463
1,-54,45370884
1,-57,45371321
1,-47,45371758
1,-55,45372210
1,-47,45372647
1,-48,45373084
1,-46,45373520
1,-49,45373957
1,-51,45374833
1,-51,45374835
1,-48,45375709
1,-48,45375710
1,-57,45376136
1,-57,45376137
1,-59,45377008
1,-59,45377010
1,-63,45377435
1,-63,45377437
1,-53,45378308
1,-53,45378309
1,-66,45378744
1,-66,45378746
1,-61,45379185
1,-61,45379187
1,-66,45380054
1,-67,45380055
1,-65,45380488
1,-65,45380489
1,-61,45380915
1,-61,45380916
1,-72,45381358
1,-73,45381359
1,-73,45381793
1,-73,45381794
1,-62,45382228
1,-62,45382230
1,-73,45383089
1,-73,45383090
1,-68,45383519
1,-68,45383524
1,-68,45383953
1,-68,45383954
1,-66,45384380
1,-65,45384381
1,-72,45385254
1,-73,45385255
1,-74,45385683
1,-74,45385684
1,-68,45386116
1,-68,45386118
1,-63,45386549
1,-63,45386550
1,-66,45386981
1,-66,45386982
1,-63,45387423
1,-62,45387424
1,-75,45387864
1,-75,45387866
1,-61,45388288
1,-61,45388290
1,-75,45388714
1,-75,45388716
1,-61,45389155
1,-61,45389156
1,-75,45389580
1,-75,45389582
1,-67,45390009
1,-67,45390011
1,-61,45390451
1,-61,45390452
1,-61,45390881
1,-61,45390894
1,-71,45391320
1,-71,45391321
1,-72,45391754
1,-63,45392181
1,-63,45392182
1,-59,45392612
1,-59,45392613
1,-67,45393056
1,-67,45393057
1,-61,45393479
1,-61,45393480
1,-66,45393914
1,-66,45393916
1,-69,45394354
1,-69,45394355
1,-63,45394780
1,-61,45395635
1,-61,45395637
1,-65,45396072
1,-65,45396074
1,-76,45396516
1,-76,45396517
1,-69,45396951
1,-69,45396953
1,-63,45397378
1,-63,45397379
1,-62,45397812
1,-62,45397813
1,-72,45398246
1,-72,45398248
1,-63,45398689
1,-63,45398692
1,-64,45399119
1,-64,45399120
1,-64,45399552
1,-64,45399554
1,-64,45399984
1,-64,45399985
1,-63,45400842
1,-64,45400845
1,-63,45401275
1,-64,45401276
1,-73,45401718
1,-73,45401719
1,-72,45402148
1,-72,45402149
1,-75,45402580
1,-75,45402582
1,-74,45403454
1,-75,45403455
1,-75,45403887
1,-75,45403888
1,-77,45404313
1,-77,45404314
1,-64,45404750
1,-64,45404754
1,-71,45405178
1,-71,45405180
1,-72,45405618
1,-72,45405620
1,-63,45406048
1,-63,45406049
1,-66,45406490
1,-66,45406492
1,-63,45407358
1,-63,45407360
1,-73,45407801
1,-73,45407803
1,-71,45408237
1,-71,45408241
1,-71,45408665
1,-71,45408666
1,-64,45409094
1,-64,45409095
1,-64,45409526
1,-64,45409527
1,-73,45409953
1,-73,45409954
1,-64,45410822
1,-64,45410823
1,-65,45411255
1,-65,45411257
1,-74,45411683
1,-74,45411684
1,-64,45412120
1,-64,45412121
1,-63,45412987
1,-63,45412988
1,-68,45413861
1,-68,45413862
1,-78,45414304
1,-78,45414306
1,-77,45414735
1,-77,45414736
1,-74,45415168
1,-75,45415171
1,-67,45415610
1,-67,45416035
1,-67,45416040
1,-66,45416464
1,-66,45416466
1,-79,45416903
1,-79,45416904
1,-67,45417330
1,-67,45417334
1,-67,45417765
1,-67,45417766
1,-69,45418208
1,-68,45418210
1,-67,45418644
1,-67,45418645
1,-65,45419071
1,-65,45419072
1,-65,45419505
1,-65,45419507
1,-80,45419946
1,-81,45419947
1,-66,45420381
1,-66,45420382
1,-67,45420818
1,-67,45420820
1,-65,45421250
1,-65,45421251
1,-75,45421690
1,-75,45421691
1,-78,45422123
1,-78,45422125
1,-84,45422556
1,-84,45422557
1,-67,45422998
1,-67,45422999
1,-65,45423437
1,-65,45423438
1,-78,45423879
1,-78,45423880
1,-67,45424318
1,-67,45424319
1,-80,45424745
1,-80,45424747
1,-69,45425174
1,-69,45425175
1,-69,45425606
1,-69,45425608
1,-64,45426033
1,-64,45426034
1,-79,45426907
1,-79,45426909
1,-66,45427331
1,-66,45427334
1,-67,45427771
1,-67,45427772
1,-81,45428207
1,-81,45428208
1,-82,45428638
1,-81,45428640
1,-65,45429075
1,-66,45429077
1,-66,45429511
1,-65,45429518
1,-67,45429948
1,-67,45429949
1,-69,45430391
1,-69,45430393
1,-68,45431256
1,-68,45431257
1,-81,45431682
1,-81,45431683
1,-66,45432104
1,-66,45432105
1,-58,45432536
1,-58,45432537
1,-59,45432974
1,-59,45432975
1,-66,45433408
1,-67,45433411
1,-68,45433841
1,-68,45433847
1,-72,45434273
1,-72,45434275
1,-63,45434715
1,-63,45434716
1,-76,45435156
1,-76,45435157
1,-73,45436023
1,-74,45436024
1,-73,45436457
1,-73,45436458
1,-68,45436899
1,-69,45436900
1,-66,45437338
1,-66,45437339
1,-67,45437774
1,-67,45437775
1,-64,45438205
1,-64,45438207
1,-74,45438645
1,-74,45438646
1,-65,45439510
1,-66,45439511
1,-86,45441258
1,-86,45441259
1,-87,45441695
1,-87,45441696
1,-64,45442131
1,-64,45442132
1,-79,45442559
1,-80,45442560
1,-65,45442987
1,-65,45442989
1,-66,45443420
1,-65,45443421
1,-85,45443858
1,-86,45443859
1,-63,45444295
1,-63,45444297
1,-85,45444723
1,-85,45444725
1,-64,45445595
1,-64,45445596
1,-64,45446027
1,-64,45446028
1,-80,45446886
1,-80,45446888
1,-64,45447322
1,-63,45447324
1,-64,45447762
1,-64,45447763
1,-65,45448210
1,-74,45448630
1,-74,45448631
1,-69,45449064
1,-69,45449066
1,-67,45449508
1,-67,45449509
1,-61,45449932
1,-61,45449934
1,-66,45450373
1,-66,45450374
1,-67,45450802
1,-67,45450803
1,-76,45451237
1,-77,45451238
1,-63,45451662
1,-63,45451663
1,-59,45452093
1,-59,45452097
1,-71,45452522
1,-71,45452524
1,-77,45452947
1,-69,45453378
1,-69,45453380
1,-79,45453808
1,-79,45453810
1,-67,45454675
1,-67,45454676
1,-79,45455105
1,-79,45455106
1,-56,45455543
1,-56,45455545
1,-66,45455969
1,-66,45455970
1,-68,45456407
1,-67,45456408
1,-63,45456843
1,-67,45457270
1,-67,45457271
1,-63,45457699
1,-63,45457700
1,-67,45458137
1,-67,45458138
1,-63,45458575
1,-63,45458576
1,-67,45459012
1,-67,45459015
1,-63,45459453
1,-63,45459455
1,-59,45459883
1,-59,45459885
1,-65,45460322
1,-65,45460323
1,-64,45461187
1,-64,45461188
1,-59,45461626
1,-59,45461627
1,-58,45462061
1,-58,45462062
1,-67,45463368
1,-67,45463370
1,-66,45463803
1,-67,45463804
1,-66,45464244
1,-66,45464246
1,-67,45465116
1,-67,45465117
1,-66,45465558
1,-66,45465559
1,-66,45465988
1,-66,45465989
1,-63,45466421
1,-64,45466422
1,-61,45466853
1,-61,45466854
1,-71,45467292
1,-71,45467293
1,-70,45467726
1,-72,45468159
1,-72,45468160
1,-67,45468600
1,-67,45468601
1,-62,45469040
1,-62,45469041
1,-74,45469904
1,-74,45469905
1,-66,45470346
1,-66,45470347
1,-62,45470775
1,-62,45470776
1,-61,45471653
1,-61,45471655
1,-66,45472081
1,-66,45472082
1,-79,45472950
1,-79,45472952
1,-69,45473392
1,-69,45473394
1,-63,45474267
1,-63,45474268
1,-66,45474704
1,-66,45474706
1,-61,45475136
1,-61,45475137
1,-76,45475575
1,-76,45475576
1,-77,45476008
1,-77,45476010
1,-61,45476446
1,-61,45476447
1,-62,45476879
1,-62,45476880
1,-79,45477308
1,-79,45477310
1,-67,45477749
1,-67,45477751
1,-80,45478608
1,-80,45478609
1,-80,45479042
1,-80,45479043
1,-67,45479469
1,-67,45479471
1,-63,45479910
1,-63,45479911
1,-64,45480777
1,-64,45480780
1,-61,45481662
1,-61,45481665
1,-75,45482098
1,-76,45482100
1,-81,45482530
0,-83,45484276
0,-89,45484711
0,-90,45484713
0,-64,45485138
0,-64,45485139
0,-74,45485572
0,-73,45485573
0,-63,45486016
0,-63,45486017
0,-66,45486896
0,-66,45486899
0,-65,45487332
0,-65,45487334
0,-85,45487773
0,-85,45487774
0,-70,45488199
0,-70,45488200
0,-63,45488628
0,-63,45488629
0,-81,45489058
0,-81,45489059
0,-74,45489489
0,-74,45489490
0,-65,45489931
0,-65,45489932
0,-82,45490802
0,-82,45490804
0,-67,45491238
0,-66,45491239
0,-87,45492099
0,-87,45492100
0,-67,45492523
0,-67,45492525
0,-70,45492951
0,-70,45492952
0,-67,45493376
0,-67,45493377
0,-65,45494244
0,-65,45494246
0,-73,45495096
0,-73,45495098
0,-73,45495529
0,-75,45495966
0,-75,45495967
0,-82,45496400
0,-82,45496401
0,-70,45496842
0,-70,45496844
0,-71,45497690
0,-88,45498133
0,-89,45498134
0,-72,45498981
0,-72,45498982
0,-88,45499408
0,-88,45499409
0,-71,45499834
0,-71,45499835
0,-67,45500264
0,-67,45500265
0,-77,45500693
0,-77,45500694
0,-67,45501133
0,-67,45501135
0,-64,45501563
0,-64,45501564
0,-72,45502001
0,-72,45502003
0,-67,45502430
0,-66,45502431
0,-65,45502863
0,-65,45502865
0,-72,45503726
0,-72,45503727
0,-67,45504165
0,-68,45504167
0,-68,45504592
0,-67,45504593
0,-67,45505027
0,-67,45505028
0,-71,45505466
0,-71,45505468
0,-71,45505906
0,-70,45505908
0,-77,45506335
0,-77,45506336
0,-76,45507200
0,-76,45507202
0,-72,45507628
0,-72,45507629
0,-76,45508069
0,-76,45508070
0,-71,45508504
0,-72,45508508
0,-67,45508929
0,-67,45508930
0,-72,45509370
0,-72,45509371
0,-70,45510250
0,-71,45510251
0,-72,45510680
0,-72,45510682
0,-72,45511113
0,-73,45511115
0,-64,45511540
0,-65,45511541
0,-72,45511971
0,-71,45511972
0,-66,45512409
0,-66,45512418
0,-65,45513261
0,-65,45513262
0,-70,45513702
0,-69,45513703
0,-70,45514143
0,-70,45514144
0,-66,45515019
0,-70,45515455
0,-70,45515456
0,-71,45516324
0,-71,45516325
0,-72,45516768
0,-72,45516769
0,-72,45517204
0,-72,45517205
0,-75,45517639
0,-75,45517641
0,-66,45518076
0,-67,45518078
0,-70,45518514
0,-70,45518515
0,-67,45518940
0,-67,45518941
0,-72,45519380
0,-73,45519381
0,-65,45519809
0,-65,45519810
0,-67,45520237
0,-67,45520238
0,-69,45521105
0,-68,45521106
0,-71,45521545
0,-72,45521546
0,-63,45522407
0,-63,45522408
0,-65,45522841
0,-65,45522844
0,-67,45523284
0,-67,45523286
0,-65,45523716
0,-65,45523717
0,-76,45524160
0,-77,45524162
0,-68,45524584
0,-68,45524585
0,-76,45525010
0,-76,45525011
0,-66,45526306
0,-66,45526307
0,-78,45527163
0,-78,45527166
0,-67,45527590
0,-66,45527592
0,-65,45528021
0,-65,45528022
0,-66,45528463
0,-65,45528464
0,-66,45528898
0,-66,45528899
0,-76,45529327
0,-66,45529749
0,-66,45529750
0,-64,45530185
0,-65,45530187
0,-66,45531487
0,-66,45531488
0,-66,45531918
0,-66,45531920
0,-66,45532351
0,-66,45532353
0,-67,45532793
0,-67,45532794
0,-67,45533219
0,-67,45533220
0,-66,45533648
0,-66,45533649
0,-66,45534086
0,-66,45534087
0,-75,45535399
0,-75,45535400
0,-67,45536269
0,-67,45536270
0,-63,45537129
0,-63,45537130
0,-67,45537569
0,-67,45537570
0,-66,45537999
0,-66,45538001
0,-70,45538859
0,-70,45538861
0,-70,45539292
0,-70,45539293
0,-71,45539724
0,-71,45539725
0,-66,45540166
0,-66,45540167
0,-69,45540605
0,-69,45540607
0,-64,45541465
0,-63,45541905
0,-63,45541906
0,-67,45542330
0,-66,45542331
0,-73,45542755
0,-73,45542756
0,-65,45543196
0,-65,45543197
0,-73,45543621
0,-73,45543623
0,-64,45544061
0,-63,45544062
0,-73,45544501
0,-73,45544502
0,-67,45544925
0,-67,45544926
0,-72,45545797
0,-72,45545799
0,-69,45546221
0,-69,45546224
0,-68,45546655
0,-67,45546657
0,-71,45547095
0,-71,45547097
0,-70,45547527
0,-70,45547528
0,-65,45547970
0,-65,45547971
0,-66,45548844
0,-66,45548845
0,-70,45549281
0,-70,45549282
0,-70,45549709
0,-70,45549710
0,-73,45550143
0,-73,45550145
0,-69,45550577
0,-69,45550578
0,-70,45551014
0,-70,45551015
0,-67,45551866
0,-67,45551867
0,-64,45552303
0,-64,45552307
0,-72,45552738
0,-72,45552739
0,-66,45553164
0,-66,45553165
0,-65,45553595
0,-65,45553597
0,-71,45554024
0,-71,45554026
0,-67,45554465
0,-67,45554466
0,-66,45554894
0,-66,45554895
0,-63,45555333
0,-63,45555334
0,-67,45555776
0,-67,45555777
0,-63,45556212
0,-63,45556213
0,-69,45557072
0,-69,45557073
0,-68,45557505
0,-67,45557507
0,-73,45557935
0,-73,45557936
0,-71,45558366
0,-71,45558367
0,-71,45558800
0,-71,45558801
0,-70,45559232
0,-64,45559674
0,-64,45559675
0,-68,45560103
0,-68,45560105
0,-70,45560543
0,-71,45560544
0,-65,45560971
0,-65,45560972
0,-69,45561411
0,-69,45561412
0,-71,45562287
0,-71,45562288
0,-64,45562717
0,-64,45562718
0,-70,45563151
0,-70,45563152
0,-66,45563577
0,-66,45563578
0,-67,45564013
0,-67,45564015
0,-66,45564457
0,-66,45564460
0,-65,45564887
0,-65,45564888
0,-67,45565754
0,-67,45565756
0,-66,45566189
0,-66,45566191
0,-67,45566618
0,-67,45566619
0,-65,45567052
0,-65,45567054
0,-68,45567482
0,-68,45567483
0,-76,45568359
0,-76,45568361
0,-73,45568789
0,-73,45568790
0,-79,45569660
0,-79,45569661
0,-77,45570097
0,-77,45570098
0,-69,45570530
0,-69,45570531
0,-65,45571406
0,-65,45571410
0,-64,45571834
0,-64,45571835
0,-73,45572269
0,-67,45572697
0,-67,45572698
0,-76,45573575
0,-76,45573576
0,-76,45574017
0,-76,45574018
0,-67,45574457
0,-67,45574458
0,-70,45575315
0,-70,45575317
0,-77,45575755
0,-77,45575756
0,-76,45576182
0,-76,45576183
0,-79,45577039
0,-79,45577040
0,-63,45577479
0,-63,45577481
0,-64,45577905
0,-64,45577909
0,-75,45578339
0,-75,45578341
0,-62,45578767
0,-62,45578769
0,-54,45579208
0,-55,45579209
0,-50,45579642
0,-50,45579644
1,-54,45580079
1,-53,45580080
1,-48,45580946
1,-48,45580947
1,-57,45581824
1,-57,45581826
1,-69,45582255
1,-69,45582256
1,-61,45582688
1,-61,45582690
1,-65,45583130
1,-65,45583131
1,-69,45583561
1,-70,45583563
1,-61,45583989
1,-61,45583993
1,-59,45584426
1,-59,45584427
1,-67,45584854
1,-67,45584855
1,-56,45585727
1,-56,45585728
1,-61,45586170
1,-61,45586171
1,-54,45586594
1,-54,45586595
1,-61,45587025
1,-61,45587026
1,-62,45587451
1,-61,45587455
1,-60,45587888
1,-61,45587890
1,-55,45588326
1,-55,45588334
1,-54,45588758
1,-54,45588759
1,-61,45589196
1,-61,45589198
1,-60,45589631
1,-60,45589632
1,-55,45590057
1,-55,45590059
1,-61,45590485
1,-61,45590486
1,-55,45590920
1,-55,45590925
1,-61,45591350
1,-61,45591358
1,-61,45592228
1,-61,45592229
1,-61,45592658
1,-61,45592659
1,-55,45593085
1,-61,45593513
1,-62,45593526
1,-63,45593944
1,-63,45594376
1,-63,45594381
1,-61,45594814
1,-61,45594819
1,-61,45595676
1,-61,45595677
1,-62,45596110
1,-61,45596123
